147.0
8
3052.0
280.50000000000097
2.0
2.7
2
=============================================
120.0
11
2504.0
437.1000000000003
2.0
2.7
3
=============================================
119.0
19
2492.0
60.90000000000003
2.0
2.7
3
=============================================
105.0
10
2213.0
389.9999999999983
1.0
1.6
2
=============================================
72.0
7
1552.0
301.40000000000003
1.0
1.6
2
=============================================
72.0
7
1552.0
301.40000000000003
1.0
1.6
2
=============================================
72.0
7
1552.0
301.40000000000003
1.0
1.6
2
=============================================
72.0
7
1552.0
301.40000000000003
1.0
1.6
2
=============================================
72.0
7
1552.0
301.40000000000003
1.0
1.6
2
=============================================
72.0
7
1552.0
293.3999999999999
1.0
1.6
2
=============================================
